0 0
80.90169943749473 -58.778525229247336
100.0 0.0
96.49214887627454 10.796055654351548
92.98429775254908 21.592111308703096
89.47644662882364 32.388166963054644
85.96859550509818 43.18422261740619
82.46074438137272 53.98027827175773
75.7996586211682 62.48537486192773
66.61598515178045 69.15770420075246
57.43231168239271 75.83003353957722
48.24863821300495 82.50236287840195
39.064964743617196 89.17469221722669
29.64040558290313 95.10565162951535
18.28876089157852 95.10565162951535
6.937116200253939 95.10565162951535
-4.414528491070673 95.10565162951536
-15.766173182395253 95.10565162951536
-27.11781787371987 95.10565162951536
-37.02414841708658 90.65743207029887
-46.20782188647432 83.98510273147413
-55.39149535586208 77.31277339264938
-64.57516882524982 70.64044405382465
-73.75884229463759 63.9681147149999
-81.68122190943372 56.37940175050255
-85.18907303315918 45.583346096151
-88.69692415688463 34.78729044179944
-92.2047752806101 23.991234787447894
-95.71262640433554 13.195179133096396
-99.220477528061 2.3991234787448406
-97.27167134821354 -8.396932175606722
-93.76382022448809 -19.192987829958287
-90.25596910076264 -29.989043484309793
-86.74811797703718 -40.78509913866136
-83.24026685331174 -51.58115479301292
-77.84047494769884 -61.00263500885555
-68.65680147831107 -67.6749643476803
-59.47312800892334 -74.34729368650503
-50.28945453953557 -81.01962302532978
-41.105781070147806 -87.69195236415453
-31.922107600760036 -94.3642817029793
-20.81134860076179 -95.10565162951535
-9.459703909437184 -95.10565162951535
1.8919407818874205 -95.10565162951536
13.243585473212029 -95.10565162951536
24.595230164536638 -95.10565162951536
34.98333209055592 -92.14017192337106
44.167005559943675 -85.46784258454632
53.35067902933144 -78.79551324572157
62.5343524987192 -72.12318390689683
71.71802596810696 -65.45085456807207
80.90169943749473 -58.778525229247336
