0 0
49.999999999999936 -86.6025403784439
100.0 0.0
94.89795918367346 8.83699391616774
89.79591836734694 17.67398783233548
84.69387755102042 26.510981748503223
79.59183673469389 35.34797566467096
74.48979591836736 44.1849695808387
69.38775510204083 53.021963497006446
64.2857142857143 61.85895741317418
59.18367346938777 70.69595132934192
54.08163265306124 79.53294524550967
47.95918367346942 86.60254037844386
37.75510204081636 86.60254037844386
27.55102040816329 86.60254037844386
17.346938775510246 86.60254037844386
7.142857142857167 86.60254037844386
-3.061224489795876 86.60254037844388
-13.265306122448948 86.60254037844388
-23.46938775510202 86.60254037844388
-33.67346938775506 86.60254037844388
-43.877551020408134 86.60254037844388
-52.040816326530575 83.06774281197681
-57.14285714285711 74.23074889580906
-62.24489795918363 65.39375497964134
-67.34693877551017 56.55676106347359
-72.4489795918367 47.719767147305845
-77.55102040816324 38.882773231138096
-82.65306122448976 30.045779314970396
-87.7551020408163 21.208785398802647
-92.85714285714283 12.37179148263489
-97.95918367346937 3.534797566467148
-96.93877551020412 -5.302196349700552
-91.8367346938776 -14.139190265868304
-86.73469387755107 -22.976184182036057
-81.63265306122453 -31.81317809820381
-76.530612244898 -40.650172014371556
-71.4285714285715 -49.48716593053926
-66.32653061224497 -58.32415984670701
-61.22448979591843 -67.16115376287476
-56.122448979591894 -75.99814767904252
-51.020408163265394 -84.83514159521022
-41.83673469387766 -86.60254037844383
-31.63265306122459 -86.60254037844385
-21.42857142857152 -86.60254037844385
-11.224489795918451 -86.60254037844386
-1.0204081632654365 -86.60254037844386
9.183673469387635 -86.60254037844388
19.387755102040714 -86.60254037844388
29.591836734693786 -86.60254037844389
39.79591836734686 -86.60254037844389
49.999999999999936 -86.6025403784439
