0 0
-50.0 25.0
-50.0 -25.0
-40.90909090909091 -25.0
-31.818181818181817 -25.0
-22.727272727272727 -25.0
-13.636363636363633 -25.0
-4.54545454545454 -25.0
4.545454545454547 -25.0
13.63636363636364 -25.0
22.727272727272734 -25.0
31.818181818181827 -25.0
40.90909090909092 -25.0
50.0 -25.0
-50.0 -25.0
-40.90909090909092 -25.0
-31.818181818181827 -25.0
-22.727272727272734 -25.0
-13.63636363636364 -25.0
-4.545454545454547 -25.0
4.54545454545454 -25.0
13.636363636363633 -25.0
22.727272727272727 -25.0
31.818181818181817 -25.0
40.90909090909091 -25.0
50.0 -25.0
50.0 25.0
40.90909090909091 25.0
31.818181818181817 25.0
22.727272727272727 25.0
13.636363636363633 25.0
4.54545454545454 25.0
-4.545454545454547 25.0
-13.63636363636364 25.0
-22.727272727272734 25.0
-31.818181818181827 25.0
-40.90909090909092 25.0
-50.0 25.0
50.0 25.0
40.90909090909092 25.0
31.818181818181827 25.0
22.727272727272734 25.0
13.63636363636364 25.0
4.545454545454547 25.0
-4.54545454545454 25.0
-13.636363636363633 25.0
-22.727272727272727 25.0
-31.818181818181817 25.0
-40.90909090909091 25.0
-50.0 25.0
