0 0
-50.0 50.0
-50.0 50.0
-50.0 40.90909090909091
-50.0 31.818181818181817
-50.0 22.727272727272727
-50.0 13.636363636363633
-50.0 4.54545454545454
-50.0 -4.545454545454547
-50.0 -13.63636363636364
-50.0 -22.727272727272734
-50.0 -31.818181818181827
-50.0 -40.90909090909092
-50.0 -50.0
-40.90909090909091 -50.0
-31.818181818181817 -50.0
-22.727272727272727 -50.0
-13.636363636363633 -50.0
-4.54545454545454 -50.0
4.545454545454547 -50.0
13.63636363636364 -50.0
22.727272727272734 -50.0
31.818181818181827 -50.0
40.90909090909092 -50.0
50.0 -50.0
50.0 -40.90909090909091
50.0 -31.818181818181817
50.0 -22.727272727272727
50.0 -13.636363636363633
50.0 -4.54545454545454
50.0 4.545454545454547
50.0 13.63636363636364
50.0 22.727272727272734
50.0 31.818181818181827
50.0 40.90909090909092
50.0 50.0
40.90909090909091 50.0
31.818181818181817 50.0
22.727272727272727 50.0
13.636363636363633 50.0
4.54545454545454 50.0
-4.545454545454547 50.0
-13.63636363636364 50.0
-22.727272727272734 50.0
-31.818181818181827 50.0
-40.90909090909092 50.0
-50.0 50.0
