0 0
-50.0 -43.30127018922193
-50.0 -43.30127018922193
-46.666666666666664 -37.52776749732568
-43.333333333333336 -31.754264805429415
-40.0 -25.98076211353316
-36.666666666666664 -20.207259421636902
-33.33333333333333 -14.433756729740644
-30.0 -8.660254037844389
-26.666666666666664 -2.8867513459481273
-23.333333333333332 2.8867513459481273
-20.0 8.660254037844382
-16.666666666666664 14.433756729740644
-13.333333333333329 20.2072594216369
-10.0 25.980762113533153
-6.666666666666664 31.754264805429408
-3.3333333333333286 37.52776749732568
0.0 43.30127018922193
3.3333333333333335 37.52776749732568
6.666666666666667 31.754264805429415
10.0 25.98076211353316
13.333333333333334 20.207259421636902
16.666666666666668 14.433756729740644
20.0 8.660254037844389
23.333333333333336 2.8867513459481273
26.666666666666668 -2.8867513459481273
30.0 -8.660254037844382
33.333333333333336 -14.433756729740644
36.66666666666667 -20.2072594216369
40.0 -25.980762113533153
43.333333333333336 -31.754264805429408
46.66666666666667 -37.52776749732568
50.0 -43.30127018922193
43.333333333333336 -43.30127018922193
36.666666666666664 -43.30127018922193
30.0 -43.30127018922193
23.333333333333332 -43.30127018922193
16.666666666666664 -43.30127018922193
10.0 -43.30127018922193
3.3333333333333286 -43.30127018922193
-3.3333333333333357 -43.30127018922193
-10.0 -43.30127018922193
-16.66666666666667 -43.30127018922193
-23.333333333333343 -43.30127018922193
-30.0 -43.30127018922193
-36.66666666666667 -43.30127018922193
-43.33333333333334 -43.30127018922193
-50.0 -43.30127018922193